37, 10
37, 11
37, 12
38, 12
38, 13
39, 13
40, 13
40, 14
41, 14
41, 15
42, 15
42, 16
43, 16
44, 16
44, 17
45, 17
46, 18
47, 18
48, 18
48, 19
49, 19
50, 19
51, 19
51, 20
52, 20
51, 20
51, 19
50, 19
50, 18
49, 18
48, 18
47, 18
46, 18
45, 18
44, 18
44, 17
43, 17
42, 17
41, 17
41, 16
40, 16
39, 16
39, 15
38, 15
37, 15
37, 14
36, 14
35, 14
34, 14
34, 13
33, 13
34, 13
33, 13
34, 13
34, 14
34, 13
34, 12
34, 11
33, 11
34, 10
34, 9
34, 8
34, 7
35, 7
35, 6
36, 6
36, 5
37, 5
37, 4
38, 4
38, 3
39, 3
40, 2
41, 2
41, 1
41, 0
42, 0
42, -1
43, -2
44, -2
44, -3
45, -4
46, -4
46, -5
47, -5
47, -4
47, -3
47, -2
48, -1
48, 0
47, 0
47, -1
47, -2
47, -1
47, -2
47, -1
48, -1
48, 0
49, 0
50, 0
50, 1
51, 1
52, 2
52, 3
53, 3
53, 4
54, 5
54, 6
55, 6
55, 7
55, 8
54, 9
54, 10
54, 11
54, 12
53, 12
53, 13
53, 14
53, 15
52, 15
51, 15
50, 16
49, 16
49, 17
48, 17
48, 18
48, 19
48, 20
48, 21
48, 22
48, 23
48, 24
48, 23
48, 24
48, 23
48, 24
101, -20
102, -20
665, 963
665, 964
665, 963
664, 963
664, 962
663, 962
663, 963
663, 964
663, 963
663, 962
662, 962
662, 963
661, 963
660, 963
659, 963
658, 963
657, 963
656, 963
655, 963
654, 963
653, 963
652, 963
651, 963
650, 963
649, 963
648, 963
647, 963
646, 963
645, 963
644, 963
643, 963
642, 963
641, 963
640, 963
639, 963
101, -20
100, -20
99, -19
99, -18
100, -18
100, -19
100, -20
99, -20
99, -21
99, -22
99, -23
100, -23
100, -22
101, -22
101, -21
102, -21
103, -20
104, -20
105, -20
106, -20
106, -21
107, -22
107, -23
107, -24
107, -25
638, 963
637, 963
637, 964
637, 963
637, 964
637, 963
638, 963
639, 963
639, 962
638, 962
638, 961
638, 960
638, 961
639, 961
638, 961
638, 962
638, 963
639, 963
640, 963
107, -24
641, 963
107, -23
106, -23
642, 963
105, -22
643, 963
644, 963
105, -21
645, 963
105, -20
646, 963
104, -20
647, 963
648, 963
649, 963
104, -19
650, 963
651, 963
104, -18
652, 963
653, 963
654, 963
105, -18
655, 963
656, 963
105, -17
657, 963
658, 963
659, 963
660, 963
661, 963
662, 963
663, 963
664, 963
664, 964
664, 965
664, 966
663, 966
662, 966
663, 966
664, 966
665, 966
665, 967
665, 968
665, 969
665, 970
665, 971
665, 972
105, -18
665, 973
105, -19
666, 973
666, 974
666, 975
666, 976
666, 977
666, 978
666, 979
666, 980
667, 980
667, 981
668, 981
668, 982
669, 982
669, 983
670, 984
670, 985
670, 986
670, 987
671, 987
672, 987
673, 987
674, 987
675, 987
676, 987
677, 987
677, 988
677, 989
677, 990
677, 991
677, 992
678, 992
104, -19
104, -20
678, 993
679, 993
679, 992
103, -20
103, -19
103, -18
102, -18
101, -18
101, -17
100, -17
99, -17
98, -17
97, -17
96, -17
95, -17
94, -17
93, -17
93, -16
92, -16
92, -15
92, -14
92, -13
92, -12
92, -11
91, -11
91, -10
91, -9
91, -8
91, -7
91, -6
90, -6
89, -5
88, -5
87, -5
86, -5
85, -4
84, -4
83, -4
82, -4
81, -4
80, -4
79, -4
78, -4
77, -4
77, -3
77, -4
76, -4
76, -5
75, -5
75, -6
74, -6
73, -6
73, -7
72, -7
71, -7
70, -7
69, -7
69, -6
68, -6
67, -5
66, -5
66, -4
65, -4
64, -4
64, -3
63, -3
63, -2
62, -2
61, -1
60, -1
59, -1
59, 0
58, 0
57, 0
56, 0
55, 0
680, 992
54, 0
53, 1
53, 2
52, 2
679, 992
52, 3
52, 4
51, 4
51, 5
51, 6
50, 6
50, 7
50, 8
50, 9
49, 9
49, 10
49, 11
49, 12
48, 12
48, 13
48, 14
679, 993
47, 14
680, 993
47, 15
47, 16
46, 16
679, 993
680, 993
681, 993
682, 993
683, 993
683, 994
683, 995
683, 996
684, 997
685, 997
686, 997
687, 997
687, 996
687, 995
688, 995
689, 995
690, 995
691, 995
692, 995
693, 995
694, 995
695, 995
696, 995
697, 995
698, 995
699, 995
700, 996
701, 996
701, 995
702, 995
702, 996
703, 996
704, 996
705, 996
706, 996
707, 996
708, 996
709, 996
710, 996
709, 996
708, 996
707, 996
706, 995
705, 995
704, 995
703, 995
702, 995
701, 995
700, 995
699, 995
698, 995
697, 995
696, 995
695, 995
694, 995
693, 995
692, 995
691, 995
690, 995
689, 995
688, 995
687, 995
687, 996
687, 997
686, 997
685, 997
684, 997
683, 997
683, 996
683, 995
683, 994
682, 994
682, 993
681, 993
680, 993
679, 993
679, 994
678, 994
678, 993
678, 992
678, 991
677, 991
677, 990
677, 989
677, 988
677, 987
676, 987
675, 987
675, 986
674, 986
673, 986
672, 986
672, 985
671, 985
671, 984
670, 984
670, 983
669, 983
669, 982
668, 982
668, 981
667, 981
666, 981
666, 980
666, 979
666, 978
666, 977
666, 976
666, 975
666, 974
666, 973
666, 972
665, 972
665, 971
665, 970
665, 969
665, 968
664, 968
663, 968
662, 968
662, 967
662, 966
663, 966
662, 966
662, 965
662, 964
662, 963
661, 963
660, 964
659, 964
658, 964
658, 963
657, 963
656, 963
655, 963
654, 963
653, 963
652, 963
651, 963
650, 963
649, 963
648, 963
647, 963
646, 963
46, 17
645, 963
644, 963
45, 17
643, 963
44, 17
43, 17
42, 17
41, 17
40, 17
40, 16
39, 16
38, 16
38, 15
37, 15
38, 15
39, 15
642, 963
641, 963
640, 963
39, 14
40, 14
639, 963
41, 14
638, 963
41, 13
40, 13
39, 12
38, 12
38, 11
639, 963
38, 10
639, 962
638, 962
638, 961
638, 962
638, 963
638, 964
639, 964
639, 963
639, 964
639, 963
639, 964
640, 964
639, 964
639, 963
638, 963
638, 962
638, 961
639, 961
639, 960
638, 960
638, 961
638, 962
637, 962
637, 963
636, 963
635, 963
636, 963
636, 962
635, 963
635, 962
634, 962
634, 963
633, 963
633, 962
633, 963
633, 962
633, 961
634, 961
633, 961
633, 960
633, 959
633, 958
633, 957
633, 956
633, 955
633, 954
633, 953
633, 954
634, 953
633, 953
633, 952
634, 952
633, 952
633, 951
633, 950
633, 949
633, 948
633, 947
633, 946
633, 945
633, 946
633, 947
633, 948
633, 949
633, 950
633, 951
633, 952
633, 953
633, 954
633, 955
633, 956
633, 957
633, 958
633, 959
633, 960
633, 961
633, 962
633, 963
632, 964
632, 965
632, 966
631, 966
631, 967
630, 968
630, 969
629, 969
629, 970
630, 970
629, 970
629, 969
630, 969
630, 968
630, 967
631, 967
631, 966
630, 966
631, 966
631, 965
632, 965
632, 964
633, 963
633, 962
633, 961
633, 960
633, 959
633, 958
633, 957
633, 956
633, 955
633, 954
633, 953
633, 952
633, 951
633, 950
633, 949
633, 948
633, 947
633, 946
633, 945
633, 944
633, 943
633, 942
633, 941
633, 940
633, 939
633, 938
633, 937
633, 936
633, 935
633, 934
633, 933
633, 932
633, 931
633, 930
633, 929
633, 928
633, 927
634, 927
634, 926
634, 925
634, 924
635, 924
635, 923
635, 922
635, 921
635, 920
635, 919
635, 918
635, 917
634, 917
635, 916
635, 915
634, 915
634, 914
634, 915
634, 914
635, 914
635, 913
636, 912
636, 911
637, 911
637, 910
637, 909
637, 908
638, 908
638, 907
638, 906
638, 905
638, 904
638, 903
638, 902
638, 901
638, 900
638, 899
638, 898
638, 897
637, 897
637, 896
637, 895
637, 894
638, 894
638, 893
638, 892
638, 891
639, 891
639, 890
639, 889
639, 888
639, 887
639, 886
639, 885
640, 885
640, 884
640, 883
639, 882
639, 881
639, 880
638, 880
638, 879
638, 878
637, 878
638, 879
637, 879
637, 878
636, 878
635, 878
634, 878
633, 878
632, 878
632, 877
632, 876
633, 876
633, 875
633, 874
634, 874
635, 873
636, 873
637, 873
637, 874
638, 874
638, 875
638, 876
638, 877
637, 877
637, 877
638, 877
638, 877
638, 878
638, 876
638, 877
638, 879
637, 877
637, 879
637, 880
637, 878
638, 878
638, 879
637, 881
638, 880
638, 881
638, 882
637, 882
638, 883
638, 884
637, 883
638, 885
637, 884
638, 886
637, 885
638, 887
638, 885
638, 886
638, 888
638, 889
638, 887
638, 890
638, 891
638, 892
638, 886
638, 893
638, 885
638, 894
638, 884
638, 895
639, 895
639, 896
638, 883
639, 897
638, 882
639, 898
638, 881
639, 899
638, 880
639, 900
638, 879
638, 900
638, 901
638, 878
638, 902
638, 877
638, 903
638, 876
638, 904
638, 875
638, 905
638, 874
638, 906
637, 874
637, 906
637, 907
637, 873
637, 908
636, 873
636, 874
637, 909
635, 874
634, 874
633, 874
633, 875
638, 909
632, 875
638, 908
632, 876
639, 907
631, 876
631, 877
639, 906
631, 878
630, 878
639, 905
638, 904
629, 878
638, 903
638, 902
628, 878
638, 901
627, 877
638, 900
638, 899
626, 877
638, 898
626, 876
638, 897
625, 876
638, 896
625, 875
638, 895
624, 874
638, 894
624, 873
623, 873
638, 893
622, 873
621, 873
620, 873
619, 873
618, 873
617, 873
638, 892
616, 873
615, 874
638, 891
614, 874
613, 874
638, 890
612, 874
638, 889
611, 874
638, 888
611, 873
610, 873
638, 887
609, 873
638, 886
608, 873
638, 885
607, 873
638, 884
606, 873
638, 883
606, 874
638, 882
605, 874
638, 881
604, 874
638, 880
603, 874
638, 879
638, 878
602, 874
638, 877
601, 874
638, 876
600, 874
637, 875
599, 874
636, 874
598, 874
635, 874
597, 874
596, 874
634, 874
633, 875
633, 876
632, 876
632, 877
631, 878
630, 878
629, 878
628, 878
628, 877
627, 877
596, 875
627, 876
626, 876
626, 875
625, 875
624, 875
623, 875
622, 875
621, 875
620, 875
619, 875
618, 875
617, 875
595, 875
616, 875
616, 874
615, 874
594, 875
614, 874
613, 874
612, 874
611, 874
610, 874
594, 874
609, 874
608, 874
595, 873
607, 874
595, 872
606, 874
605, 874
595, 871
604, 874
603, 874
595, 872
602, 874
595, 873
602, 873
601, 873
595, 874
600, 873
595, 873
599, 873
598, 873
595, 872
597, 873
595, 871
596, 873
594, 871
594, 870
595, 873
595, 872
595, 870
595, 869
595, 871
596, 869
595, 870
595, 869
595, 871
595, 872
595, 873
595, 874
596, 874
597, 874
596, 869
598, 874
596, 868
599, 874
600, 874
597, 868
601, 874
598, 868
602, 874
603, 874
603, 875
599, 868
604, 875
605, 875
605, 876
600, 868
606, 876
606, 877
601, 868
606, 878
606, 879
601, 867
605, 880
602, 867
603, 866
605, 879
605, 878
605, 877
603, 867
605, 876
603, 868
605, 875
604, 868
604, 869
605, 874
604, 870
605, 873
605, 872
604, 871
605, 871
605, 871
606, 871
606, 870
605, 870
605, 869
605, 869
604, 869
605, 868
605, 868
605, 867
605, 867
605, 866
605, 866
605, 865
605, 865
606, 865
606, 864
605, 864
606, 863
605, 863
606, 862
605, 862
606, 861
605, 861
605, 860
606, 860
605, 860
605, 859
605, 859
605, 858
605, 858
605, 857
605, 857
605, 856
604, 856
605, 856
604, 855
604, 854
604, 853
605, 857
604, 852
604, 851
604, 850
605, 849
604, 848
604, 847
606, 857
604, 846
604, 845
605, 845
605, 844
606, 856
605, 856
605, 843
604, 856
604, 855
605, 842
603, 855
602, 855
605, 843
601, 855
600, 855
606, 842
599, 855
598, 855
606, 843
597, 855
606, 842
596, 855
596, 856
606, 841
595, 856
594, 856
606, 842
593, 856
606, 841
592, 856
591, 856
590, 856
605, 842
589, 855
590, 855
605, 843
604, 843
590, 856
604, 844
591, 856
605, 844
592, 856
605, 845
593, 856
594, 856
605, 846
595, 856
605, 847
596, 856
605, 848
597, 856
598, 856
605, 849
606, 849
599, 856
600, 856
601, 856
605, 849
602, 856
606, 849
603, 857
606, 850
604, 857
605, 857
605, 856
605, 855
605, 854
604, 854
604, 853
604, 852
604, 851
606, 849
604, 850
606, 848
604, 849
604, 848
604, 847
604, 846
604, 845
603, 845
602, 845
601, 845
600, 845
38, 10
38, 9
38, 8
38, 7
38, 6
39, 6
39, 5
40, 5
40, 4
40, 3
41, 3
41, 2
41, 1
41, 0
42, -1
42, -2
41, -2
41, -3
40, -3
40, -4
39, -4
39, -5
39, -4
38, -4
38, -5
38, -6
39, -6
39, -7
39, -8
39, -9
39, -10
38, -10
38, -11
37, -11
36, -11
36, -12
35, -12
34, -12
33, -12
32, -12
32, -13
31, -13
30, -13
30, -14
29, -14
29, -15
28, -15
28, -16
27, -16
27, -17
26, -18
26, -19
25, -19
25, -20
25, -21
24, -21
24, -22
24, -23
23, -23
23, -24
23, -25
23, -26
23, -27
23, -28
23, -29
23, -30
23, -31
23, -32
23, -33
22, -34
22, -35
21, -35
21, -36
21, -37
21, -38
21, -39
21, -40
21, -41
21, -42
21, -43
21, -44
21, -45
21, -46
21, -47
20, -47
20, -48
20, -49
21, -49
21, -50
21, -51
22, -51
22, -52
23, -52
23, -53
23, -54
23, -55
23, -56
24, -57
24, -58
24, -59
25, -59
25, -60
25, -61
24, -61
24, -62
24, -63
24, -64
24, -65
24, -66
24, -67
24, -68
24, -69
24, -70
24, -71
24, -72
24, -73
24, -74
24, -75
24, -76
24, -77
24, -78
24, -79
24, -80
24, -81
24, -82
24, -83
24, -84
24, -85
24, -86
24, -87
24, -88
24, -89
24, -90
24, -91
24, -92
24, -93
24, -94
24, -95
24, -96
24, -97
24, -98
24, -99
24, -100
24, -101
24, -102
24, -103
24, -104
24, -105
24, -106
24, -105
24, -104
24, -103
24, -102
24, -101
24, -100
24, -99
24, -98
24, -97
24, -96
24, -95
24, -94
24, -93
24, -92
24, -91
24, -90
24, -89
24, -88
24, -87
24, -86
24, -85
24, -84
24, -83
24, -82
24, -81
24, -80
24, -79
24, -78
24, -77
24, -76
24, -75
24, -74
24, -73
24, -72
24, -71
24, -70
24, -69
24, -68
24, -67
24, -66
24, -65
24, -64
24, -63
24, -62
24, -63
24, -64
24, -65
24, -66
24, -67
24, -68
24, -69
24, -70
24, -71
24, -72
24, -73
24, -74
24, -75
24, -76
24, -77
24, -78
24, -79
24, -80
24, -81
24, -82
24, -83
24, -84
24, -85
24, -86
24, -87
24, -88
24, -89
24, -90
24, -91
24, -92
24, -93
24, -94
24, -95
24, -96
24, -97
24, -98
24, -99
24, -100
24, -101
24, -102
24, -103
24, -104
24, -105
24, -104
24, -103
24, -102
24, -101
24, -100
24, -99
24, -98
24, -97
24, -96
24, -95
24, -94
24, -93
24, -92
24, -91
24, -92
24, -93
24, -94
24, -95
24, -96
24, -97
24, -98
24, -99
24, -100
24, -101
24, -102
24, -103
24, -104
24, -105
24, -104
24, -103
24, -102
24, -101
25, -101
25, -102
26, -102
26, -103
26, -104
26, -105
607, 849
607, 850
607, 851
607, 852
606, 852
606, 853
605, 853
605, 854
606, 854
606, 855
605, 855
605, 856
604, 856
603, 856
602, 856
601, 856
600, 856
599, 855
598, 855
597, 855
596, 855
596, 854
595, 854
594, 854
593, 854
593, 855
592, 855
591, 855
591, 856
590, 856
589, 856
588, 856
587, 856
586, 856
585, 856
584, 856
583, 856
582, 856
581, 856
580, 856
579, 856
578, 856
577, 856
576, 856
575, 856
574, 856
573, 856
573, 855
572, 855
572, 856
572, 857
573, 857
574, 858
574, 859
575, 859
575, 860
576, 861
577, 862
576, 861
576, 860
576, 859
576, 858
576, 857
576, 856
575, 856
576, 856
577, 856
578, 856
579, 856
580, 856
581, 856
582, 856
583, 856
584, 856
585, 856
586, 856
587, 856
588, 856
589, 856
590, 856
591, 856
592, 856
593, 856
594, 856
595, 856
596, 856
597, 856
598, 856
599, 856
600, 856
601, 856
602, 856
603, 856
603, 855
603, 856
602, 856
601, 856
600, 856
599, 856
598, 856
597, 856
596, 856
595, 856
594, 856
593, 856
592, 856
591, 856
590, 856
589, 856
588, 856
587, 856
586, 856
585, 856
584, 856
583, 856
582, 856
581, 856
580, 856
579, 856
578, 856
577, 856
576, 857
575, 857
574, 857
573, 857
572, 857
571, 857
570, 857
569, 857
568, 857
567, 857
566, 857
565, 857
564, 857
563, 857
562, 857
561, 857
560, 857
559, 857
558, 857
557, 857
556, 857
555, 857
554, 857
553, 857
552, 857
551, 857
550, 857
549, 857
548, 857
547, 857
546, 857
545, 857
544, 857
544, 856
543, 856
542, 856
541, 856
540, 856
539, 856
538, 856
537, 856
536, 856
535, 856
534, 856
533, 856
532, 856
531, 856
530, 856
529, 856
528, 856
527, 856
526, 856
525, 856
524, 856
523, 856
522, 856
521, 856
520, 856
519, 857
519, 856
518, 856
517, 856
517, 855
516, 855
515, 855
514, 855
513, 855
512, 855
511, 855
511, 856
510, 856
509, 856
508, 856
507, 856
507, 857
506, 857
506, 856
505, 856
505, 857
504, 857
503, 857
502, 857
501, 857
501, 856
500, 856
499, 856
499, 857
499, 856
498, 856
498, 855
499, 855
499, 856
500, 856
501, 856
502, 856
501, 856
500, 857
499, 857
498, 857
497, 857
496, 857
495, 857
494, 857
493, 857
492, 857
491, 857
490, 857
489, 857
488, 857
487, 857
486, 857
486, 858
485, 858
485, 859
485, 860
484, 860
484, 859
484, 858
484, 857
484, 856
484, 855
484, 854
484, 853
484, 852
484, 851
484, 850
484, 849
484, 848
485, 848
485, 847
485, 846
485, 845
486, 845
486, 844
487, 844
488, 844
488, 843
489, 843
490, 843
491, 843
492, 843
493, 843
494, 843
495, 843
496, 843
497, 843
498, 843
499, 843
500, 843
501, 843
502, 843
503, 843
504, 843
505, 843
506, 843
507, 843
508, 843
509, 843
510, 843
511, 843
511, 844
512, 844
513, 844
514, 844
514, 843
515, 843
516, 843
517, 843
518, 843
518, 842
518, 841
517, 841
517, 840
517, 839
517, 838
517, 837
517, 836
517, 835
517, 834
517, 833
517, 832
517, 831
517, 830
517, 829
517, 828
518, 829
518, 830
517, 830
517, 829
516, 829
516, 828
516, 827
516, 826
517, 826
517, 825
517, 824
516, 824
516, 823
516, 822
516, 823
516, 824
516, 823
516, 822
516, 821
516, 820
515, 820
515, 819
515, 818
515, 817
515, 816
515, 815
516, 815
516, 814
516, 813
516, 812
516, 811
516, 810
517, 810
517, 809
517, 808
517, 807
517, 806
516, 806
516, 805
516, 804
516, 803
516, 802
516, 801
516, 800
516, 799
516, 798
516, 798
517, 799
516, 799
516, 798
516, 799
516, 800
516, 799
516, 798
516, 797
516, 796
516, 795
516, 794
516, 793
516, 792
515, 792
515, 791
514, 791
514, 790
514, 789
513, 789
513, 788
514, 788
513, 788
514, 788
514, 789
513, 789
513, 788
512, 788
513, 788
512, 788
513, 788
513, 787
513, 788
513, 789
514, 789
515, 789
515, 790
516, 790
516, 791
516, 792
517, 792
517, 793
517, 794
518, 794
518, 795
519, 795
205, 15
205, 14
205, 13
206, 13
207, 13
208, 12
208, 11
209, 11
209, 10
209, 9
209, 8
210, 8
209, 8
209, 9
208, 9
208, 8
207, 8
207, 7
206, 7
206, 6
205, 6
205, 7
206, 7
207, 6
208, 6
208, 5
208, 6
207, 6
206, 7
206, 8
205, 8
205, 9
204, 9
204, 8
203, 8
202, 8
201, 8
201, 7
200, 7
200, 6
200, 5
200, 4
201, 4
201, 3
201, 2
201, 1
201, 0
202, 0
203, 0
203, -1
204, -1
205, -1
206, -1
207, -1
207, -2
208, -2
208, -3
207, -3
206, -3
206, -4
205, -4
204, -4
204, -5
203, -5
203, -6
202, -6
202, -7
202, -8
202, -9
202, -8
202, -7
201, -7
200, -7
199, -6
199, -5
198, -5
198, -4
199, -4
198, -4
198, -3
198, -4
198, -5
197, -5
197, -6
196, -6
195, -6
195, -7
194, -7
193, -7
193, -8
192, -8
192, -9
191, -9
191, -10
191, -11
191, -12
191, -13
190, -13
190, -14
190, -15
190, -16
190, -17
190, -18
190, -19
190, -18
189, -18
188, -18
187, -18
186, -18
186, -19
185, -19
185, -20
184, -20
184, -21
183, -21
183, -22
183, -23
183, -24
183, -25
183, -26
182, -26
182, -25
182, -26
182, -27
182, -28
182, -27
182, -28
182, -29
181, -29
181, -30
182, -30
182, -31
182, -32
183, -32
183, -33
183, -34
184, -34
183, -34
183, -35
182, -35
181, -35
181, -36
180, -36
180, -37
180, -36
179, -36
178, -36
178, -37
178, -36
177, -36
176, -36
176, -37
176, -38
176, -39
176, -40
175, -40
175, -41
176, -41
176, -42
176, -43
176, -44
177, -45
178, -45
178, -46
179, -46
179, -47
180, -47
180, -48
180, -49
180, -50
179, -50
179, -51
180, -51
180, -52
179, -52
179, -53
178, -53
178, -54
177, -55
177, -56
176, -56
176, -57
175, -57
174, -58
173, -58
172, -58
172, -59
171, -59
171, -60
170, -61
170, -62
169, -62
169, -63
168, -63
168, -64
167, -64
167, -65
166, -65
166, -66
165, -66
165, -67
164, -67
164, -68
163, -68
162, -68
161, -69
160, -69
159, -69
158, -70
157, -70
156, -70
155, -71
154, -71
153, -71
153, -70
152, -70
151, -70
151, -69
150, -69
149, -69
149, -68
148, -68
147, -68
147, -67
146, -67
145, -66
145, -65
144, -65
143, -65
142, -65
141, -65
142, -65
143, -65
144, -65
145, -65
144, -65
145, -65
144, -65
145, -65
146, -65
145, -65
144, -65
144, -64
143, -64
142, -64
141, -64
141, -63
142, -63
142, -64
142, -63
142, -64
142, -63
142, -64
142, -63
141, -63
140, -63
139, -62
138, -62
137, -62
136, -62
135, -62
134, -62
133, -62
132, -62
131, -62
131, -61
130, -61
129, -61
129, -60
128, -60
127, -60
127, -59
126, -59
125, -59
125, -58
125, -57
125, -56
124, -56
124, -55
123, -55
123, -54
122, -54
122, -53
122, -52
122, -51
122, -50
121, -50
121, -49
120, -48
119, -48
119, -47
118, -47
118, -46
117, -46
117, -45
116, -45
115, -45
115, -44
114, -44
113, -44
112, -43
111, -43
110, -43
110, -42
109, -42
109, -41
110, -40
111, -40
111, -39
112, -39
113, -39
113, -38
114, -39
115, -39
115, -38
116, -38
117, -39
118, -39
119, -39
119, -38
120, -38
120, -37
121, -37
122, -37
122, -36
123, -36
124, -35
124, -34
125, -34
125, -33
126, -33
126, -32
126, -31
126, -30
127, -30
127, -29
127, -28
127, -27
127, -26
127, -25
127, -24
127, -23
127, -22
126, -22
126, -21
126, -22
125, -22
125, -21
125, -20
125, -21
125, -20
126, -20
127, -20
128, -20
128, -21
128, -22
129, -22
129, -21
130, -21
130, -22
131, -22
132, -22
132, -21
133, -21
134, -21
135, -21
136, -21
137, -21
138, -21
139, -21
139, -22
139, -21
138, -21
137, -21
137, -20
136, -20
136, -19
135, -19
135, -18
134, -18
134, -17
133, -17
133, -16
132, -16
131, -15
131, -14
130, -14
129, -14
128, -14
129, -15
129, -14
129, -13
129, -12
129, -11
128, -11
128, -10
129, -9
129, -8
129, -7
129, -6
129, -5
130, -4
130, -3
131, -3
131, -2
132, -2
133, -2
133, -1
134, -1
135, -1
136, -1
136, 0
137, 0
138, 0
139, 0
140, 0
140, 1
141, 1
142, 1
142, 0
143, 0
144, 0
145, 0
146, 0
147, 0
148, 0
149, 0
150, 0
150, -1
151, -1
152, -1
153, -1
153, 0
154, 0
154, 1
155, 1
156, 1
156, 2
156, 3
157, 3
157, 4
157, 3
157, 2
157, 1
157, 0
156, 0
157, 0
157, -1
157, -2
157, -3
157, -4
156, -4
155, -4
154, -4
155, -4
154, -4
155, -4
155, -3
156, -3
156, -2
156, -3
155, -3
155, -2
154, -2
155, -2
155, -3
154, -3
154, -4
154, -5
155, -5
154, -5
154, -4
153, -4
153, -3
153, -2
154, -2
154, -1
155, -1
155, 0
156, 0
156, 1
156, 2
156, 3
156, 4
156, 5
156, 6
156, 7
156, 8
156, 9
155, 10
155, 11
154, 11
154, 12
154, 13
154, 14
153, 14
154, 14
153, 14
152, 14
153, 14
153, 15
153, 16
154, 16
154, 17
155, 17
156, 17
157, 17
158, 17
158, 16
159, 16
160, 16
160, 15
161, 15
162, 15
163, 15
164, 15
165, 15
166, 15
167, 15
168, 15
168, 14
169, 14
170, 14
171, 14
172, 14
173, 14
174, 14
175, 14
176, 14
175, 14
175, 13
174, 13
173, 13
173, 14
172, 14
172, 13
171, 13
170, 13
170, 12
169, 12
168, 12
168, 11
167, 11
167, 10
166, 10
165, 9
164, 9
164, 10
164, 9
165, 9
165, 8
165, 9
165, 10
166, 10
165, 10
165, 11
165, 12
164, 12
164, 13
164, 14
164, 15
163, 15
163, 16
163, 17
163, 18
163, 19
163, 20
163, 21
163, 22
163, 23
164, 23
164, 24
165, 24
166, 25
167, 25
168, 25
169, 26
170, 26
171, 26
172, 27
172, 28
173, 28
173, 29
174, 29
175, 29
174, 29
173, 29
173, 28
174, 28
175, 28
175, 29
176, 29
177, 29
178, 29
178, 30
179, 30
179, 31
178, 31
178, 32
179, 32
179, 33
180, 33
180, 34
181, 34
181, 35
182, 35
182, 36
182, 37
181, 37
181, 38
180, 39
180, 40
180, 41
179, 41
179, 42
179, 43
179, 44
180, 44
180, 43
181, 43
182, 43
183, 43
183, 44
184, 44
185, 44
185, 45
184, 45
183, 45
183, 46
182, 46
182, 47
182, 48
182, 49
181, 49
181, 50
181, 51
182, 52
182, 53
182, 54
182, 55
183, 55
183, 56
184, 56
184, 57
184, 58
184, 59
184, 60
185, 60
185, 61
185, 62
185, 63
184, 64
184, 65
184, 66
183, 66
183, 67
183, 68
182, 69
182, 70
182, 71
181, 71
181, 72
181, 73
180, 73
180, 74
180, 75
179, 75
179, 76
179, 77
178, 77
178, 78
178, 79
178, 80
178, 81
178, 82
178, 83
179, 83
179, 84
179, 85
180, 85
180, 86
180, 87
181, 87
181, 88
182, 88
182, 89
183, 90
183, 91
184, 91
184, 92
185, 92
185, 93
186, 93
187, 93
187, 94
188, 94
189, 94
189, 95
189, 94
189, 93
188, 93
189, 93
189, 94
190, 94
190, 95
191, 95
191, 96
192, 96
192, 97
193, 97
193, 98
193, 99
193, 100
192, 101
192, 102
192, 103
192, 104
192, 105
192, 106
192, 107
192, 108
192, 109
193, 109
193, 110
193, 111
193, 112
193, 113
193, 114
193, 115
193, 116
193, 117
193, 118
193, 119
193, 120
193, 121
193, 122
193, 123
192, 123
192, 124
193, 124
193, 125
192, 125
191, 125
190, 125
189, 125
189, 126
188, 126
187, 126
186, 126
185, 126
184, 126
183, 126
182, 126
181, 126
180, 126
179, 126
178, 126
177, 126
176, 126
175, 126
174, 126
173, 126
172, 126
171, 126
170, 126
169, 126
168, 126
167, 126
166, 126
165, 126
164, 126
163, 126
164, 126
165, 126
165, 127
165, 126
164, 126
163, 126
162, 126
161, 126
160, 126
159, 126
158, 126
158, 125
157, 125
156, 125
155, 125
154, 125
153, 125
152, 125
151, 125
150, 125
149, 125
149, 126
148, 126
147, 126
146, 126
145, 126
144, 126
143, 126
142, 126
141, 126
140, 126
139, 126
138, 126
137, 126
136, 126
135, 126
134, 126
133, 126
132, 126
131, 126
131, 125
130, 125
129, 125
128, 125
127, 125
126, 125
125, 125
124, 125
124, 126
123, 126
122, 125
121, 125
121, 124
122, 124
123, 124
124, 124
125, 124
125, 125
125, 126
124, 126
124, 127
123, 127
123, 128
122, 128
123, 127
123, 128
123, 129
123, 130
123, 131
123, 132
123, 133
123, 134
123, 135
124, 135
124, 136
123, 136
123, 137
123, 138
122, 138
122, 139
121, 138
120, 138
119, 138
118, 138
117, 138
116, 138
115, 138
114, 138
113, 138
112, 138
111, 138
110, 138
110, 139
109, 139
108, 139
107, 139
106, 139
105, 139
104, 139
103, 139
102, 139
101, 139
100, 139
99, 139
98, 139
97, 139
96, 139
95, 139
94, 139
93, 139
92, 139
91, 139
90, 139
89, 139
88, 139
87, 139
86, 139
85, 139
84, 139
83, 139
82, 139
82, 140
81, 140
80, 140
79, 139
78, 139
77, 139
76, 139
75, 139
74, 139
74, 140
75, 140
75, 139
74, 139
73, 139
72, 139
72, 138
72, 139
71, 139
71, 138
70, 137
70, 138
71, 138
72, 138
71, 138
71, 139
71, 140
70, 140
70, 141
70, 140
70, 141
70, 140
71, 140
71, 139
71, 138
70, 138
69, 138
69, 137
68, 137
68, 138
68, 139
68, 140
68, 141
68, 140
68, 139
68, 138
68, 137
69, 137
70, 137
69, 137
68, 137
68, 138
69, 138
69, 137
70, 137
71, 137
71, 138
72, 138
71, 138
71, 137
71, 138
72, 138
73, 138
72, 138
72, 139
71, 139
71, 140
70, 140
69, 140
69, 139
68, 139
69, 139
69, 138
70, 138
70, 137
71, 137
70, 137
69, 137
68, 137
69, 137
70, 137
70, 138
71, 138
71, 139
72, 139
72, 140
73, 140
74, 140
74, 139
75, 139
76, 139
77, 139
78, 139
79, 139
80, 139
81, 139
82, 139
83, 139
84, 139
85, 139
86, 139
86, 138
87, 138
88, 138
89, 138
90, 139
91, 139
92, 139
93, 139
94, 139
95, 139
96, 139
97, 139
98, 139
99, 139
100, 139
101, 139
102, 139
103, 139
104, 139
104, 138
105, 138
106, 138
107, 139
108, 139
109, 139
110, 139
111, 139
112, 139
113, 139
113, 138
114, 138
115, 138
116, 138
117, 138
118, 138
119, 138
120, 138
121, 138
122, 138
123, 138
123, 137
123, 136
123, 135
123, 136
123, 135
123, 134
123, 133
123, 132
123, 131
123, 130
123, 129
123, 128
122, 129
122, 130
122, 131
122, 132
122, 133
122, 134
122, 135
123, 135
123, 136
123, 137
124, 137
124, 138
124, 139
124, 140
124, 141
124, 142
123, 142
123, 143
123, 144
122, 144
122, 145
122, 146
121, 146
121, 147
121, 148
121, 149
121, 150
121, 151
121, 152
121, 153
121, 154
121, 155
121, 156
120, 157
119, 157
118, 158
117, 158
116, 158
115, 158
114, 158
114, 159
115, 159
115, 160
116, 160
116, 161
116, 162
116, 163
116, 164
116, 165
116, 166
116, 167
116, 168
116, 169
117, 169
118, 170
118, 171
119, 171
120, 172
121, 172
121, 173
122, 173
122, 174
123, 174
123, 175
123, 176
123, 177
123, 178
123, 179
122, 179
122, 180
122, 181
122, 182
122, 183
122, 184
122, 185
122, 186
122, 187
122, 188
123, 189
123, 190
123, 191
123, 192
123, 193
123, 194
123, 195
123, 196
123, 197
124, 197
124, 198
125, 198
126, 198
125, 198
124, 198
124, 197
124, 196
124, 195
123, 195
123, 194
123, 193
122, 193
122, 192
122, 191
122, 190
122, 189
122, 188
122, 187
122, 186
122, 185
122, 184
122, 183
122, 182
122, 181
122, 180
122, 179
122, 178
122, 177
122, 176
122, 175
123, 175
123, 174
122, 174
122, 173
121, 172
120, 172
119, 172
118, 172
117, 172
117, 171
116, 171
115, 171
114, 171
113, 171
112, 171
111, 171
110, 170
110, 171
109, 171
109, 172
109, 173
108, 174
107, 175
106, 175
107, 175
108, 175
108, 174
109, 174
109, 173
110, 173
111, 172
111, 171
112, 171
113, 171
114, 171
115, 171
115, 172
116, 172
116, 171
117, 171
117, 170
117, 169
116, 169
116, 168
116, 167
115, 167
115, 166
115, 165
115, 164
115, 163
115, 162
115, 161
115, 160
115, 159
115, 158
114, 158
114, 157
114, 156
115, 156
115, 155
116, 155
116, 154
116, 153
116, 152
115, 152
115, 151
115, 150
114, 149
114, 148
113, 148
113, 147
112, 147
112, 146
112, 145
112, 144
112, 143
112, 142
113, 142
114, 142
115, 142
116, 142
117, 142
117, 143
117, 142
117, 143
117, 142
118, 142
119, 142
118, 142
118, 143
117, 143
117, 144
118, 143
117, 143
117, 144
117, 143
116, 143
116, 144
116, 143
116, 142
115, 142
115, 141
115, 140
115, 141
115, 142
114, 143
113, 143
113, 144
112, 144
111, 144
111, 145
110, 145
110, 146
109, 146
108, 146
107, 146
106, 146
106, 145
105, 145
104, 145
103, 144
102, 144
101, 143
100, 143
100, 142
99, 142
98, 142
98, 141
98, 140
97, 140
96, 140
95, 139
94, 139
93, 139
92, 139
91, 139
90, 139
89, 139
88, 139
87, 138
86, 138
86, 139
85, 139
84, 139
83, 139
82, 139
81, 139
80, 139
79, 139
78, 139
77, 139
76, 139
75, 139
74, 139
73, 139
72, 139
72, 140
71, 140
71, 141
70, 141
69, 141
68, 141
68, 140
68, 139
68, 138
68, 139
69, 139
68, 138
68, 137
69, 137
69, 138
69, 137
68, 137
69, 137
70, 137
70, 138
69, 138
69, 139
68, 139
69, 140
69, 141
70, 141
70, 140
71, 140
72, 140
73, 140
74, 140
75, 140
76, 140
76, 139
77, 139
78, 139
79, 139
80, 139
81, 139
82, 139
83, 139
84, 139
84, 138
85, 138
86, 138
87, 138
88, 138
89, 138
90, 138
91, 138
92, 138
93, 138
94, 138
95, 138
96, 138
97, 138
98, 138
99, 138
100, 138
101, 138
102, 138
103, 138
104, 138
105, 138
106, 139
107, 139
108, 139
109, 139
110, 139
111, 139
112, 139
112, 138
113, 138
114, 138
115, 138
116, 138
117, 138
118, 138
119, 139
120, 139
121, 139
122, 139
123, 139
124, 139
125, 139
126, 139
127, 139
128, 139
129, 139
130, 139
131, 139
132, 139
132, 138
131, 138
130, 138
130, 139
129, 139
129, 140
128, 140
127, 140
126, 140
125, 140
124, 141
124, 142
124, 143
123, 143
122, 143
122, 144
122, 145
122, 146
121, 146
121, 147
121, 148
121, 149
121, 150
121, 151
121, 152
121, 153
121, 154
121, 155
121, 156
121, 157
120, 157
120, 158
120, 159
120, 160
120, 161
121, 161
122, 161
123, 161
124, 161
125, 161
126, 160
126, 159
127, 159
128, 158
129, 158
130, 158
130, 157
131, 157
132, 157
133, 157
134, 157
135, 157
135, 158
135, 159
136, 159
136, 158
137, 158
138, 158
139, 158
140, 159
141, 159
142, 159
143, 159
144, 159
145, 159
146, 159
146, 158
147, 158
148, 158
149, 158
150, 158
151, 157
152, 157
152, 158
153, 158
154, 158
155, 158
156, 158
157, 158
157, 159
158, 159
159, 159
160, 159
161, 159
161, 160
162, 160
162, 161
162, 162
162, 163
162, 164
162, 165
161, 165
161, 166
161, 167
161, 168
161, 169
161, 170
162, 170
162, 171
162, 172
162, 173
162, 174
162, 175
162, 176
162, 177
161, 177
161, 178
161, 179
161, 180
161, 181
161, 182
161, 183
161, 184
160, 184
160, 185
160, 186
160, 187
161, 187
161, 188
161, 189
161, 190
161, 191
161, 192
160, 192
160, 193
160, 194
161, 195
161, 196
161, 197
161, 198
161, 199
161, 200
161, 201
161, 202
161, 203
161, 204
161, 205
161, 206
161, 207
161, 208
161, 209
161, 210
162, 210
162, 211
162, 212
163, 213
164, 213
165, 213
166, 213
167, 213
168, 212
169, 212
169, 213
170, 213
171, 213
171, 212
171, 213
171, 214
171, 215
171, 216
171, 217
171, 218
171, 219
171, 220
171, 221
171, 222
171, 223
172, 223
172, 224
172, 225
172, 226
172, 227
172, 228
171, 228
170, 229
169, 229
168, 229
168, 228
167, 228
167, 229
168, 229
168, 228
169, 228
169, 227
170, 227
170, 226
171, 226
171, 225
171, 224
171, 223
171, 222
171, 221
171, 220
171, 219
171, 218
171, 217
171, 216
171, 215
171, 214
171, 213
170, 213
169, 213
168, 213
168, 212
167, 212
166, 212
165, 212
165, 213
164, 213
163, 213
163, 212
162, 212
161, 212
161, 211
161, 210
161, 209
161, 208
161, 207
161, 206
161, 205
161, 204
161, 203
161, 202
161, 201
161, 200
161, 199
161, 198
161, 197
161, 196
161, 195
161, 194
161, 193
160, 193
159, 193
158, 193
157, 193
157, 192
158, 192
159, 192
160, 192
161, 192
162, 192
163, 192
164, 192
165, 193
166, 193
166, 192
167, 192
168, 192
169, 192
170, 192
171, 192
172, 192
173, 192
174, 192
175, 192
175, 193
176, 193
176, 194
176, 195
176, 196
176, 197
176, 198
176, 199
176, 200
177, 200
177, 201
177, 202
177, 203
177, 204
177, 205
177, 206
177, 207
176, 207
176, 208
175, 208
174, 208
173, 208
173, 209
172, 209
171, 209
170, 210
170, 211
170, 212
170, 213
170, 214
170, 215
170, 216
171, 217
171, 218
172, 219
172, 220
172, 221
172, 220
172, 219
172, 218
172, 217
172, 216
172, 215
172, 214
171, 214
171, 213
171, 212
171, 211
171, 210
171, 209
172, 208
173, 208
174, 208
175, 208
176, 208
176, 207
176, 206
176, 205
177, 205
177, 204
177, 203
177, 202
177, 201
176, 200
176, 199
176, 198
176, 197
176, 196
176, 195
176, 194
175, 194
175, 193
174, 193
173, 193
172, 193
171, 193
170, 193
169, 193
168, 193
167, 193
166, 193
165, 193
164, 193
163, 193
162, 193
161, 194
161, 193
161, 192
161, 191
161, 190
161, 189
161, 188
161, 189
162, 189
163, 189
164, 189
165, 189
166, 188
167, 188
168, 188
169, 188
170, 188
171, 188
172, 188
173, 188
174, 188
175, 188
176, 188
177, 188
178, 188
179, 188
180, 188
181, 188
182, 188
183, 188
184, 188
185, 188
186, 188
187, 188
188, 188
189, 188
190, 188
191, 188
192, 188
193, 188
194, 188
195, 188
195, 189
196, 189
196, 190
196, 191
196, 192
196, 193
196, 194
196, 195
196, 196
196, 197
196, 198
196, 199
196, 200
196, 201
196, 202
196, 203
197, 203
198, 203
198, 204
199, 204
200, 204
200, 205
200, 206
200, 207
200, 208
200, 209
200, 210
200, 209
200, 210
199, 210
198, 210
197, 210
197, 211
196, 211
196, 212
196, 213
196, 214
196, 215
196, 216
196, 217
196, 218
197, 218
197, 217
197, 216
197, 215
197, 214
197, 213
197, 212
197, 211
197, 210
198, 210
199, 210
200, 210
200, 209
200, 208
200, 207
200, 206
199, 206
199, 205
198, 205
197, 205
196, 206
195, 206
195, 205
195, 204
196, 204
196, 205
196, 206
197, 206
196, 206
196, 207
196, 208
196, 207
196, 208
196, 209
196, 210
196, 211
196, 212
196, 211
195, 211
196, 211
196, 212
196, 211
196, 210
196, 209
196, 208
196, 207
196, 206
196, 205
196, 204
196, 203
196, 202
196, 201
196, 200
196, 199
196, 198
196, 197
196, 196
196, 195
196, 194
196, 193
196, 192
196, 191
196, 190
196, 189
195, 189
195, 188
194, 188
193, 188
192, 188
191, 188
190, 188
189, 188
188, 188
187, 188
186, 188
185, 188
184, 188
183, 188
182, 188
181, 188
180, 188
179, 189
178, 189
177, 189
176, 189
176, 188
177, 188
178, 188
177, 188
177, 187
178, 187
179, 187
180, 187
181, 187
181, 188
180, 188
181, 188
180, 188
179, 188
178, 188
177, 188
176, 188
175, 188
174, 188
173, 188
172, 188
171, 188
171, 189
170, 189
169, 189
168, 188
167, 188
166, 187
166, 186
166, 185
166, 184
165, 184
164, 184
164, 183
163, 183
162, 183
161, 182
161, 181
161, 180
160, 180
160, 179
160, 178
161, 178
161, 179
161, 180
162, 180
162, 181
162, 182
162, 183
162, 184
161, 184
161, 185
161, 186
161, 187
160, 187
159, 187
158, 187
158, 188
157, 188
156, 188
155, 188
154, 188
153, 188
152, 188
151, 188
150, 188
149, 188
149, 187
148, 187
147, 187
147, 188
146, 188
146, 189
145, 189
144, 189
144, 188
143, 188
142, 188
142, 189
143, 189
143, 188
144, 188
145, 188
145, 189
146, 190
146, 189
145, 189
145, 190
146, 190
146, 191
146, 192
146, 193
146, 194
146, 195
146, 196
146, 197
146, 198
146, 199
146, 198
146, 197
146, 196
145, 195
144, 195
144, 194
143, 194
142, 194
142, 195
141, 195
141, 196
141, 195
140, 195
139, 195
138, 195
138, 196
137, 196
136, 196
135, 196
135, 195
135, 196
135, 195
135, 194
136, 194
136, 193
136, 192
136, 191
136, 190
136, 189
136, 188
136, 187
136, 186
136, 187
136, 188
137, 188
137, 189
137, 190
137, 191
137, 192
137, 193
137, 194
137, 195
138, 195
139, 195
140, 195
141, 195
142, 195
142, 196
143, 196
144, 196
145, 196
145, 197
146, 197
146, 198
146, 199
146, 200
146, 201
146, 202
146, 203
146, 204
146, 205
146, 206
146, 207
146, 208
145, 208
146, 209
146, 210
146, 211
146, 212
146, 213
147, 213
147, 214
148, 214
147, 214
147, 213
147, 212
147, 211
148, 211
149, 211
150, 211
151, 211
151, 210
152, 210
153, 209
153, 208
153, 207
153, 206
153, 205
153, 204
153, 203
154, 202
153, 201
153, 200
153, 199
152, 199
152, 200
153, 200
153, 201
153, 202
153, 203
153, 204
153, 205
153, 206
153, 207
153, 208
153, 209
152, 209
152, 210
151, 210
150, 210
149, 210
148, 210
147, 210
146, 210
145, 210
144, 210
144, 209
143, 209
142, 209
142, 210
141, 209
141, 210
140, 210
139, 210
139, 211
139, 212
139, 213
139, 214
139, 215
139, 216
139, 217
139, 218
139, 219
139, 220
140, 221
140, 222
140, 223
140, 224
140, 225
140, 226
140, 227
140, 228
140, 229
140, 230
140, 231
140, 232
140, 233
140, 234
140, 235
139, 235
138, 235
137, 235
136, 235
136, 236
135, 236
134, 237
134, 238
133, 238
134, 238
134, 239
135, 239
135, 240
134, 240
133, 240
132, 240
131, 240
130, 240
129, 240
128, 240
127, 240
126, 240
125, 240
124, 240
123, 240
122, 240
121, 240
120, 240
119, 241
118, 241
117, 240
116, 240
115, 240
114, 239
114, 238
114, 237
113, 237
113, 236
113, 235
113, 234
113, 233
112, 233
112, 232
112, 231
112, 230
112, 231
112, 232
112, 233
112, 234
113, 234
113, 235
113, 236
113, 237
114, 237
114, 238
115, 239
115, 240
116, 240
117, 240
118, 240
119, 240
120, 240
121, 240
122, 240
123, 240
124, 240
125, 240
126, 240
127, 240
128, 240
129, 240
130, 240
131, 240
132, 240
132, 239
133, 239
134, 239
134, 238
135, 238
135, 237
135, 236
135, 235
136, 235
136, 234
137, 234
138, 234
139, 234
139, 233
139, 232
140, 232
140, 231
140, 230
140, 229
140, 228
139, 228
139, 227
139, 226
139, 225
139, 224
139, 223
139, 222
139, 221
139, 220
139, 219
139, 218
139, 217
139, 216
139, 215
139, 214
139, 213
139, 212
140, 211
140, 210
141, 210
142, 210
143, 210
144, 210
145, 210
145, 211
145, 212
146, 212
146, 211
146, 210
146, 209
146, 208
146, 207
146, 206
145, 206
145, 205
145, 204
145, 203
146, 203
146, 202
146, 201
146, 200
146, 199
146, 198
146, 197
146, 196
146, 195
146, 194
147, 194
147, 195
148, 195
149, 195
150, 195
150, 194
151, 193
150, 192
150, 193
150, 194
149, 194
149, 195
148, 195
147, 195
147, 194
146, 194
146, 193
145, 193
145, 192
145, 191
145, 190
145, 189
145, 188
144, 188
144, 187
143, 187
142, 187
141, 187
141, 186
140, 186
140, 187
141, 188
141, 189
141, 190
142, 190
142, 191
143, 191
144, 191
145, 190
146, 190
146, 189
147, 189
147, 188
148, 188
148, 189
147, 189
147, 188
146, 188
145, 187
145, 186
145, 185
144, 185
144, 184
145, 184
145, 183
146, 183
146, 182
147, 182
147, 181
148, 181
148, 180
148, 179
149, 178
150, 178
151, 178
152, 178
151, 178
151, 177
150, 177
149, 177
149, 176
149, 175
149, 174
149, 173
149, 172
148, 172
147, 172
146, 172
146, 171
145, 171
144, 171
143, 171
142, 171
141, 171
140, 171
140, 172
139, 172
139, 171
139, 172
140, 172
140, 171
139, 171
138, 171
139, 171
139, 172
140, 172
139, 172
140, 172
141, 172
142, 172
143, 172
143, 171
144, 171
145, 171
146, 171
147, 171
148, 171
147, 171
146, 171
146, 172
147, 172
147, 171
147, 172
148, 172
148, 173
149, 173
149, 174
149, 175
149, 176
148, 176
148, 177
148, 178
148, 179
149, 180
150, 180
151, 180
151, 181
151, 180
152, 180
152, 181
151, 181
150, 181
150, 182
149, 182
148, 182
147, 182
148, 182
149, 182
150, 182
149, 182
148, 181
148, 180
147, 180
148, 180
148, 179
148, 178
148, 179
147, 179
147, 180
148, 180
148, 180
205, 15
204, 15
204, 16
203, 16
202, 16
201, 16
200, 16
199, 16
198, 17
197, 17
196, 17
196, 16
195, 16
194, 16
194, 15
193, 15
193, 14
192, 13
192, 12
192, 11
192, 10
192, 9
192, 8
192, 7
192, 6
192, 5
192, 4
192, 3
191, 4
192, 4
192, 5
193, 5
193, 6
193, 7
193, 8
193, 9
193, 10
193, 11
193, 12
193, 13
194, 13
194, 14
195, 15
195, 16
196, 16
197, 16
198, 16
199, 17
200, 17
201, 17
201, 16
202, 16
203, 16
204, 16
205, 16
206, 16
205, 16
205, 15
205, 14
206, 14
206, 13
207, 13
207, 12
208, 12
208, 11
209, 11
209, 10
209, 9
210, 9
210, 8
209, 8
209, 9
208, 9
207, 9
206, 9
205, 9
204, 9
203, 9
203, 8
202, 8
201, 8
201, 7
201, 6
200, 6
200, 5
200, 4
200, 3
200, 2
201, 2
201, 1
201, 0
202, 0
203, 0
204, 0
205, -1
206, -1
206, -2
206, -3
206, -4
205, -4
205, -5
204, -5
203, -5
203, -6
202, -6
202, -7
201, -7
200, -7
199, -7
199, -6
198, -6
198, -5
199, -5
199, -4
200, -4
199, -4
199, -5
199, -6
198, -6
197, -6
196, -6
196, -7
195, -7
194, -7
194, -8
193, -8
193, -9
192, -9
192, -10
191, -10
190, -10
190, -11
190, -10
189, -10
188, -10
189, -10
190, -10
191, -10
192, -10
193, -9
193, -8
194, -8
195, -8
195, -7
196, -7
195, -7
195, -8
194, -8
193, -8
192, -9
192, -10
192, -11
192, -12
192, -13
192, -14
193, -14
193, -15
193, -16
193, -17
194, -17
194, -18
194, -19
194, -20
195, -20
195, -21
195, -22
195, -23
195, -24
195, -25
195, -26
195, -27
194, -27
194, -28
194, -29
193, -29
193, -30
192, -30
192, -31
191, -31
191, -32
190, -32
190, -33
189, -33
188, -34
187, -34
187, -35
186, -35
185, -35
184, -35
183, -35
182, -35
182, -36
181, -36
180, -36
179, -36
178, -36
178, -37
177, -37
176, -37
175, -37
175, -38
174, -39
174, -40
173, -40
173, -41
173, -42
172, -43
172, -44
172, -45
172, -46
172, -47
172, -48
172, -49
172, -50
172, -51
172, -52
172, -53
172, -54
172, -55
171, -56
171, -57
171, -58
170, -58
170, -59
170, -60
169, -60
169, -61
169, -62
168, -62
168, -63
167, -64
166, -65
166, -66
165, -66
164, -67
163, -67
163, -68
162, -68
162, -69
161, -69
160, -69
159, -69
159, -70
158, -70
157, -70
156, -70
155, -70
154, -70
153, -70
152, -70
151, -70
150, -70
149, -69
149, -68
148, -68
148, -67
148, -66
148, -65
148, -64
148, -63
147, -63
147, -62
148, -62
148, -61
147, -61
146, -61
145, -61
144, -60
143, -60
142, -60
141, -60
140, -60
139, -60
139, -61
138, -61
137, -61
136, -61
135, -61
134, -61
133, -61
132, -61
131, -61
130, -61
130, -60
129, -60
128, -60
128, -59
127, -59
127, -58
126, -58
126, -57
125, -57
125, -56
125, -55
124, -55
124, -54
123, -53
123, -52
123, -51
122, -51
122, -50
122, -49
122, -48
122, -47
122, -46
122, -45
122, -44
122, -43
121, -43
121, -42
120, -41
120, -40
121, -40
121, -39
121, -38
122, -38
122, -37
122, -36
123, -36
123, -35
123, -34
124, -34
124, -33
125, -33
125, -32
125, -31
126, -31
126, -30
126, -29
126, -28
127, -28
127, -27
127, -26
127, -25
128, -25
128, -24
128, -23
129, -23
129, -22
129, -21
130, -20
130, -19
130, -18
130, -17
131, -17
131, -16
130, -15
130, -14
130, -13
129, -13
129, -12
130, -11
130, -10
130, -9
130, -8
130, -7
130, -6
130, -5
130, -4
130, -3
131, -3
131, -2
132, -2
132, -1
133, -1
134, 0
134, 1
135, 1
136, 1
137, 2
138, 2
139, 2
140, 2
141, 2
142, 2
143, 2
143, 1
144, 1
145, 1
146, 1
147, 1
148, 1
149, 2
150, 2
150, 3
151, 3
152, 4
153, 4
153, 5
154, 5
154, 6
155, 6
155, 7
155, 8
156, 8
156, 9
157, 9
157, 10
158, 11
158, 12
159, 12
159, 13
159, 14
160, 14
160, 15
161, 16
161, 17
162, 17
162, 18
162, 19
163, 19
163, 20
163, 21
163, 22
164, 22
164, 23
164, 24
165, 25
165, 26
166, 26
166, 27
166, 28
167, 28
167, 29
168, 29
168, 30
169, 30
169, 31
170, 31
171, 31
172, 32
173, 32
173, 33
174, 33
174, 34
174, 35
175, 36
175, 37
176, 38
176, 39
177, 39
177, 40
177, 41
178, 42
178, 43
178, 44
178, 45
179, 45
179, 46
179, 47
179, 48
179, 49
180, 56
182, 61
183, 61
183, 62
183, 63
183, 64
183, 65
184, 65
184, 66
184, 67
184, 68
184, 69
184, 70
184, 71
184, 72
184, 73
184, 74
184, 75
184, 76
184, 77
184, 78
184, 79
184, 80
184, 81
184, 82
184, 83
184, 84
184, 85
184, 86
184, 87
184, 88
183, 89
183, 90
183, 91
183, 92
183, 93
183, 94
182, 94
182, 95
182, 96
181, 97
181, 98
180, 98
180, 99
180, 100
180, 101
180, 102
180, 103
179, 104
179, 105
179, 106
179, 107
178, 108
178, 109
178, 110
177, 110
177, 111
177, 112
176, 113
176, 114
175, 115
175, 116
175, 117
175, 118
175, 119
175, 120
176, 120
176, 121
176, 122
175, 123
175, 124
174, 124
174, 125
174, 126
175, 126
175, 125
176, 125
176, 124
176, 123
176, 122
176, 121
176, 120
177, 119
177, 118
177, 117
178, 117
178, 116
178, 115
179, 115
179, 114
180, 113
180, 112
181, 111
181, 110
182, 109
182, 108
182, 107
182, 106
183, 106
183, 105
184, 104
184, 103
184, 102
184, 101
184, 100
185, 100
185, 99
185, 98
185, 97
186, 97
186, 96
187, 95
187, 94
188, 94
188, 93
188, 92
189, 91
190, 91
191, 91
191, 90
192, 90
193, 90
193, 91
194, 91
195, 91
196, 91
197, 91
198, 91
198, 92
199, 92
200, 92
201, 92
200, 92
199, 92
199, 91
198, 91
197, 91
196, 91
195, 91
194, 91
193, 91
192, 91
192, 92
191, 92
190, 92
190, 93
189, 93
190, 93
190, 94
190, 95
189, 95
189, 96
189, 97
188, 97
188, 98
188, 99
187, 99
187, 100
187, 101
186, 101
186, 102
185, 103
185, 104
184, 104
184, 105
183, 106
183, 107
182, 107
182, 108
182, 109
181, 109
181, 110
180, 110
180, 111
179, 111
179, 112
178, 112
178, 113
177, 113
177, 114
176, 114
175, 115
174, 116
173, 116
173, 117
172, 117
172, 118
171, 118
171, 119
171, 120
171, 121
172, 121
172, 122
172, 123
171, 123
170, 122
169, 122
168, 122
167, 122
166, 122
166, 123
167, 123
167, 122
167, 123
168, 123
169, 123
170, 123
171, 123
172, 123
172, 124
172, 125
173, 125
174, 125
174, 126
175, 126
175, 127
176, 127
177, 127
177, 128
177, 127
177, 126
177, 125
177, 124
177, 123
177, 122
177, 121
176, 121
176, 120
176, 119
176, 118
176, 117
176, 116
177, 116
177, 115
177, 114
177, 113
178, 113
178, 112
178, 111
179, 111
179, 110
179, 109
180, 109
180, 108
181, 108
181, 107
182, 106
182, 105
183, 105
183, 104
183, 103
183, 102
184, 102
184, 101
184, 100
184, 99
185, 99
185, 98
186, 98
186, 97
187, 97
187, 96
188, 96
188, 95
189, 95
190, 95
190, 94
191, 94
191, 93
192, 93
192, 92
193, 92
193, 91
194, 91
195, 91
196, 91
197, 91
196, 91
195, 91
194, 91
193, 92
192, 92
191, 92
191, 93
190, 93
190, 94
190, 95
190, 96
189, 96
189, 97
188, 97
189, 97
190, 97
190, 98
190, 99
190, 98
190, 97
189, 97
188, 97
189, 97
190, 98
191, 98
190, 98
191, 98
191, 99
190, 99
191, 99
190, 99
191, 99
190, 99
191, 99
190, 99
189, 99
188, 99
187, 99
186, 99
185, 99
184, 100
183, 100
183, 101
182, 101
181, 101
181, 102
180, 102
180, 103
179, 103
178, 104
177, 104
177, 105
176, 105
176, 106
175, 106
174, 106
173, 106
172, 106
172, 107
171, 107
170, 107
169, 107
168, 108
167, 108
166, 108
166, 109
165, 109
164, 109
164, 110
163, 110
163, 111
162, 111
162, 112
161, 112
161, 113
160, 113
160, 114
159, 114
159, 115
158, 115
157, 116
156, 117
156, 118
156, 119
156, 120
156, 121
155, 122
155, 123
154, 124
154, 125
153, 125
153, 126
153, 127
153, 128
152, 128
152, 129
152, 130
151, 130
151, 129
152, 129
152, 128
152, 129
151, 129
152, 129
152, 128
152, 127
153, 127
154, 127
155, 127
155, 128
156, 128
156, 127
156, 126
157, 126
157, 125
158, 125
158, 124
159, 124
159, 123
160, 123
160, 122
161, 122
161, 121
162, 121
163, 120
164, 120
165, 119
166, 120
167, 121
168, 121
168, 122
169, 122
168, 122
168, 123
167, 123
167, 122
166, 122
167, 122
167, 123
168, 123
169, 123
170, 123
171, 123
172, 124
171, 124
171, 125
171, 124
172, 124
173, 124
173, 125
174, 125
174, 126
175, 126
175, 127
176, 127
176, 128
176, 129
177, 129
176, 129
176, 128
176, 127
176, 126
176, 125
176, 126
177, 126
177, 125
177, 124
177, 123
177, 122
178, 122
178, 121
179, 121
179, 120
179, 119
180, 119
181, 119
180, 119
180, 120
179, 120
179, 121
180, 121
181, 121
181, 120
182, 120
183, 120
183, 119
184, 119
185, 119
185, 120
186, 120
187, 120
188, 120
188, 121
188, 122
188, 123
188, 124
188, 125
188, 126
188, 127
188, 126
188, 127
187, 127
187, 128
187, 129
187, 130
187, 131
187, 132
187, 133
187, 134
187, 135
187, 136
188, 136
188, 135
189, 135
189, 136
189, 137
189, 138
189, 139
189, 138
190, 138
190, 138
190, 137
190, 136
191, 136
192, 136
193, 136
194, 136
195, 136
196, 136
196, 135
196, 134
197, 134
198, 134
199, 134
200, 134
201, 134
202, 134
203, 134
204, 134
204, 135
205, 135
206, 135
206, 136
207, 136
208, 136
209, 136
209, 137
210, 137
211, 137
211, 138
212, 139
212, 140
213, 140
213, 141
214, 141
215, 142
216, 142
217, 142
218, 143
219, 143
220, 143
221, 143
221, 144
222, 144
222, 143
222, 142
223, 141
224, 141
225, 141
225, 142
226, 142
227, 142
228, 142
229, 142
230, 142
231, 143
231, 144
230, 145
230, 146
230, 147
229, 147
229, 148
228, 148
228, 149
227, 149
227, 150
226, 150
226, 151
226, 152
226, 153
226, 154
225, 154
225, 155
224, 155
224, 156
223, 156
222, 155
222, 154
222, 155
221, 155
220, 155
220, 154
219, 153
219, 152
219, 151
219, 150
219, 149
218, 149
218, 148
218, 147
218, 146
217, 146
218, 145
218, 144
218, 143
218, 144
217, 144
217, 145
216, 145
215, 145
214, 145
213, 145
212, 145
211, 145
210, 145
209, 145
208, 145
207, 145
206, 145
205, 145
204, 145
203, 145
202, 145
201, 145
200, 145
199, 145
198, 145
197, 145
196, 145
195, 145
194, 145
193, 145
192, 145
191, 145
190, 145
188, 145
187, 145
186, 145
185, 145
184, 145
183, 145
182, 145
181, 145
180, 145
179, 145
178, 145
177, 145
176, 145
175, 145
174, 145
173, 145
172, 145
171, 145
170, 145
169, 145
168, 145
168, 146
168, 147
168, 148
168, 147
168, 146
167, 146
166, 146
165, 145
164, 145
163, 145
162, 146
161, 146
160, 146
160, 145
160, 144
161, 144
161, 143
162, 143
162, 144
163, 144
163, 145
162, 146
162, 147
162, 148
161, 148
161, 149
161, 150
161, 151
161, 152
161, 153
161, 154
160, 155
160, 156
160, 157
160, 158
161, 158
161, 159
161, 160
161, 161
161, 162
161, 163
162, 164
162, 165
162, 166
162, 167
162, 168
162, 169
161, 169
161, 170
161, 171
160, 172
160, 173
160, 174
160, 175
160, 176
160, 177
160, 178
160, 179
160, 180
161, 180
161, 181
160, 181
160, 182
160, 183
159, 184
160, 184
160, 185
161, 185
161, 186
161, 187
160, 187
160, 188
161, 188
162, 189
163, 189
162, 189
162, 190
162, 191
162, 192
162, 193
161, 194
161, 195
161, 196
161, 195
160, 195
160, 194
160, 193
161, 193
161, 192
162, 192
162, 191
162, 190
162, 189
162, 188
163, 188
164, 188
165, 188
166, 188
167, 188
168, 188
169, 188
170, 188
171, 188
172, 188
173, 188
174, 188
175, 188
176, 188
177, 188
178, 188
179, 188
180, 188
181, 188
182, 188
183, 188
184, 188
185, 188
186, 188
187, 188
188, 188
189, 188
190, 188
191, 188
192, 188
193, 188
194, 188
195, 188
196, 189
196, 190
196, 191
196, 192
196, 193
196, 194
196, 195
196, 196
196, 197
196, 198
196, 199
196, 200
196, 201
196, 202
196, 203
196, 204
196, 205
196, 206
196, 207
196, 208
196, 209
196, 210
196, 211
196, 210
196, 209
196, 208
196, 207
196, 206
196, 205
196, 204
196, 203
196, 202
196, 201
196, 200
196, 199
196, 198
196, 197
196, 196
196, 195
196, 194
196, 193
196, 192
196, 191
196, 190
195, 189
195, 188
194, 188
194, 187
193, 187
192, 187
192, 188
191, 188
190, 188
189, 188
188, 188
187, 188
186, 188
185, 188
184, 188
183, 188
182, 188
181, 188
180, 188
179, 188
178, 188
177, 188
176, 188
175, 188
174, 188
173, 188
172, 188
171, 188
170, 188
169, 188
169, 189
168, 189
167, 189
167, 188
166, 188
165, 188
164, 188
163, 188
162, 188
161, 188
161, 187
161, 186
161, 185
161, 184
161, 183
162, 182
162, 181
162, 180
162, 179
162, 178
162, 177
163, 177
163, 176
163, 175
163, 174
163, 173
162, 173
162, 172
162, 171
162, 170
161, 170
161, 169
161, 168
161, 167
161, 166
161, 165
161, 164
161, 163
161, 162
161, 161
161, 160
161, 159
161, 158
161, 157
161, 156
161, 155
160, 155
160, 154
160, 153
160, 152
160, 151
160, 150
161, 150
161, 149
161, 148
161, 147
162, 147
162, 146
162, 145
163, 144
163, 143
162, 143
161, 143
160, 143
159, 143
159, 144
160, 144
160, 145
161, 146
162, 146
162, 147
163, 147
163, 146
163, 145
163, 144
162, 144
162, 143
161, 143
162, 143
163, 143
163, 144
163, 145
163, 146
162, 147
162, 148
161, 148
162, 148
162, 149
162, 150
162, 151
162, 152
162, 153
162, 154
162, 155
162, 156
162, 157
162, 158
161, 158
161, 159
161, 160
161, 161
161, 162
160, 162
160, 163
161, 163
162, 163
162, 164
162, 163
161, 163
161, 162
161, 161
161, 160
162, 159
163, 159
162, 159
161, 159
160, 159
159, 159
158, 159
157, 159
157, 158
156, 158
155, 159
154, 159
153, 159
153, 158
152, 158
151, 158
150, 158
149, 158
148, 158
147, 158
146, 158
145, 158
144, 158
143, 158
142, 157
141, 157
140, 157
139, 157
138, 157
137, 157
137, 158
136, 158
135, 158
134, 158
134, 157
133, 157
133, 156
132, 156
131, 156
130, 156
129, 156
128, 156
127, 157
127, 158
127, 159
127, 160
126, 160
126, 161
125, 161
125, 162
124, 162
124, 163
124, 164
123, 164
123, 165
122, 165
122, 166
122, 167
122, 168
122, 169
121, 169
121, 170
121, 171
120, 171
120, 172
121, 172
121, 173
122, 173
122, 174
123, 174
123, 175
124, 175
124, 176
125, 176
126, 176
126, 175
127, 175
127, 174
127, 173
127, 172
127, 173
127, 174
127, 175
128, 175
128, 176
128, 177
128, 178
127, 178
126, 178
125, 178
124, 178
124, 177
123, 177
123, 176
122, 176
122, 175
122, 174
122, 173
121, 173
121, 172
120, 171
120, 170
121, 170
121, 169
122, 169
122, 168
122, 167
122, 166
123, 166
124, 166
125, 166
125, 167
126, 167
127, 167
127, 168
128, 168
127, 168
127, 169
127, 170
127, 169
127, 168
128, 168
128, 167
129, 167
129, 166
130, 166
130, 167
131, 167
131, 166
132, 166
133, 166
134, 166
134, 167
135, 167
136, 167
137, 167
137, 168
138, 168
137, 168
137, 169
138, 169
138, 168
138, 167
138, 166
139, 166
139, 165
139, 164
138, 164
137, 164
137, 163
136, 163
136, 162
135, 162
135, 161
134, 161
134, 160
134, 161
134, 160
134, 161
134, 162
133, 162
133, 163
133, 163
133, 164
133, 163
133, 162
132, 162
132, 163
133, 163
134, 163
134, 164
134, 165
134, 166
135, 166
136, 166
137, 166
138, 166
139, 166
139, 165
139, 164
138, 164
138, 163
137, 163
136, 163
136, 164
135, 164
135, 165
136, 165
136, 164
135, 164
136, 164
136, 165
135, 165
135, 166
134, 166
133, 166
132, 166
131, 166
130, 166
130, 167
129, 167
130, 167
131, 167
132, 167
131, 167
130, 167
129, 167
128, 167
127, 167
127, 168
127, 169
127, 168
127, 169
127, 168
127, 167
127, 166
127, 167
127, 168
127, 167
128, 167
127, 167
126, 167
126, 166
125, 166
124, 166
124, 167
123, 167
123, 166
122, 165
121, 165
121, 164
120, 164
120, 165
120, 166
119, 166
118, 167
117, 167
116, 168
116, 169
116, 170
116, 171
116, 172
116, 173
115, 173
115, 174
116, 174
116, 175
116, 176
116, 177
117, 177
117, 178
117, 177
117, 176
117, 175
117, 174
116, 173
117, 173
117, 172
118, 172
118, 171
119, 171
120, 171
120, 172
121, 172
121, 173
122, 173
122, 174
123, 175
123, 176
124, 176
125, 177
126, 177
127, 177
127, 176
127, 175
127, 174
127, 173
127, 172
127, 173
127, 174
127, 175
127, 176
128, 176
128, 177
128, 178
128, 179
128, 180
129, 180
129, 181
130, 181
131, 181
132, 181
133, 181
134, 181
134, 180
134, 181
133, 181
133, 182
132, 182
132, 183
133, 183
134, 183
135, 183
135, 184
136, 184
136, 185
136, 186
137, 186
138, 186
139, 186
140, 186
141, 186
141, 187
141, 188
142, 188
142, 189
142, 190
142, 189
141, 189
142, 189
142, 190
141, 190
142, 190
142, 189
141, 189
141, 188
142, 188
143, 188
144, 188
144, 189
145, 189
145, 190
146, 190
146, 191
146, 192
146, 193
146, 194
146, 195
146, 196
145, 196
145, 197
146, 198
146, 197
146, 196
146, 195
146, 194
146, 193
146, 192
146, 191
146, 190
146, 189
145, 189
145, 188
144, 188
143, 188
142, 188
142, 187
141, 187
140, 187
140, 186
140, 185
141, 185
141, 186
142, 185
142, 184
142, 185
142, 186
141, 186
141, 187
141, 188
141, 189
142, 189
142, 190
141, 190
142, 190
142, 189
142, 190
142, 189
143, 189
144, 189
144, 188
145, 188
146, 188
146, 187
147, 187
148, 187
148, 188
149, 188
150, 188
151, 188
152, 188
153, 188
154, 188
155, 188
156, 188
157, 188
158, 188
159, 188
160, 188
161, 188
162, 188
162, 187
162, 186
161, 186
161, 185
162, 185
162, 184
162, 183
162, 182
162, 181
162, 180
162, 179
162, 178
162, 177
163, 176
163, 175
163, 174
163, 173
163, 172
162, 172
162, 173
162, 174
162, 175
162, 176
162, 177
162, 178
162, 179
162, 180
161, 180
161, 181
161, 182
162, 182
162, 183
163, 183
164, 183
164, 184
165, 184
166, 184
166, 185
166, 186
166, 187
167, 187
167, 188
168, 188
169, 188
170, 189
169, 189
169, 188
168, 188
167, 188
166, 188
166, 189
165, 189
165, 188
164, 188
163, 188
162, 188
162, 189
161, 189
161, 190
161, 191
161, 192
161, 193
161, 194
162, 194
163, 193
164, 193
165, 193
166, 193
167, 193
168, 193
169, 193
170, 193
171, 193
172, 193
173, 193
174, 193
175, 193
176, 193
175, 193
174, 193
173, 193
172, 193
171, 193
170, 193
169, 193
168, 193
167, 193
166, 193
165, 193
164, 193
163, 193
162, 193
162, 194
161, 194
161, 195
160, 195
160, 194
160, 193
160, 192
160, 191
160, 190
161, 190
161, 189
161, 188
161, 187
161, 186
161, 185
161, 184
161, 183
161, 182
161, 181
161, 180
161, 179
161, 178
162, 177
162, 176
162, 175
162, 174
162, 173
162, 172
162, 171
162, 170
162, 169
162, 168
162, 167
162, 166
162, 165
162, 164
162, 163
162, 162
163, 162
163, 161
163, 160
162, 159
162, 158
162, 157
162, 156
162, 155
161, 154
161, 153
160, 152
160, 151
160, 150
161, 150
161, 149
161, 148
161, 147
162, 146
162, 145
163, 144
163, 143
162, 143
161, 143
160, 143
159, 143
159, 144
160, 144
161, 144
162, 144
162, 145
163, 145
164, 145
165, 145
166, 145
167, 145
168, 145
169, 145
170, 145
171, 145
170, 145
169, 145
169, 146
168, 146
168, 147
168, 148
168, 147
168, 146
168, 145
169, 145
170, 145
171, 145
171, 144
172, 144
173, 144
174, 144
175, 144
176, 144
177, 144
178, 144
178, 145
179, 145
180, 145
181, 145
182, 145
182, 146
183, 146
184, 146
185, 146
186, 146
187, 146
188, 146
188, 147
188, 148
188, 147
187, 147
187, 148
187, 147
186, 147
185, 147
184, 147
183, 147
182, 147
181, 147
180, 147
179, 146
178, 146
178, 145
177, 145
176, 145
176, 144
175, 144
174, 144
173, 144
173, 145
172, 145
171, 145
170, 145
170, 144
169, 144
168, 144
167, 144
166, 144
166, 145
165, 145
164, 145
163, 146
162, 146
161, 146
161, 145
160, 145
159, 145
158, 145
158, 146
158, 147
158, 148
159, 148
158, 148
159, 148
160, 148
161, 148
161, 147
162, 147
163, 147
163, 148
163, 147
163, 146
163, 145
163, 144
162, 144
161, 144
161, 143
162, 143
163, 143
163, 144
162, 144
162, 145
162, 146
162, 147
162, 148
161, 148
161, 149
161, 150
161, 151
161, 152
161, 153
161, 154
161, 155
161, 156
161, 157
161, 158
161, 159
161, 160
161, 161
161, 162
161, 163
161, 164
161, 165
162, 165
162, 166
162, 165
162, 166
162, 167
162, 168
162, 169
162, 170
162, 171
163, 172
163, 173
163, 174
163, 175
162, 175
162, 176
162, 177
162, 178
162, 179
161, 179
161, 180
161, 181
161, 182
161, 183
161, 184
160, 184
160, 185
161, 185
161, 186
161, 187
162, 187
162, 188
163, 188
164, 188
164, 189
163, 189
162, 189
161, 189
161, 190
161, 191
162, 191
162, 192
162, 193
161, 193
160, 193
159, 193
159, 194
160, 194
161, 195
161, 196
161, 197
162, 197
162, 198
162, 199
162, 200
162, 201
162, 202
161, 202
161, 203
161, 204
161, 205
161, 206
161, 207
161, 208
161, 209
161, 210
161, 211
162, 211
162, 212
162, 213
163, 213
164, 213
165, 213
166, 213
167, 213
168, 213
169, 213
170, 213
170, 214
171, 215
171, 216
171, 217
171, 218
171, 219
172, 220
172, 221
172, 222
172, 223
172, 224
172, 225
171, 226
171, 227
170, 227
170, 228
169, 228
168, 228
169, 228
170, 228
170, 227
171, 227
171, 226
172, 226
172, 225
172, 224
172, 223
172, 222
172, 221
172, 220
172, 219
171, 219
171, 218
171, 217
171, 216
171, 215
170, 214
170, 213
169, 213
168, 213
167, 213
167, 212
166, 212
165, 212
164, 212
163, 212
162, 212
161, 212
161, 211
160, 211
160, 210
160, 209
160, 208
160, 207
160, 206
160, 205
160, 204
161, 204
161, 203
161, 202
161, 201
161, 200
161, 199
161, 198
161, 197
161, 196
161, 195
161, 194
161, 193
161, 192
162, 192
163, 192
162, 192
162, 191
161, 191
161, 190
161, 189
161, 188
162, 188
162, 187
163, 187
164, 187
165, 187
166, 187
167, 187
168, 187
169, 187
170, 187
171, 187
172, 187
172, 188
173, 188
174, 188
175, 188
176, 188
177, 188
178, 188
179, 188
180, 188
181, 188
182, 188
183, 188
184, 188
184, 187
185, 187
186, 187
187, 187
188, 188
189, 188
190, 188
191, 188
192, 188
193, 188
194, 188
195, 189
196, 189
196, 190
196, 191
196, 192
196, 193
197, 194
197, 195
197, 196
196, 197
196, 198
196, 199
196, 200
196, 201
196, 202
196, 203
196, 204
196, 205
196, 206
196, 207
196, 208
196, 209
196, 210
196, 211
196, 212
196, 211
196, 210
196, 209
196, 208
196, 207
196, 206
196, 205
196, 204
196, 203
196, 202
196, 201
196, 200
196, 199
196, 198
196, 197
196, 196
196, 195
196, 194
196, 193
196, 192
196, 191
195, 191
195, 190
195, 189
195, 188
194, 188
194, 187
193, 187
193, 188
192, 188
191, 188
190, 188
189, 188
188, 188
187, 188
186, 188
185, 188
184, 188
183, 188
182, 188
181, 188
180, 188
179, 188
178, 188
177, 188
176, 188
175, 188
174, 188
173, 188
172, 188
171, 188
170, 188
169, 188
168, 188
167, 188
166, 188
165, 188
164, 188
163, 188
162, 188
161, 188
161, 189
160, 188
160, 187
161, 187
161, 186
161, 185
161, 184
161, 183
161, 182
161, 181
161, 180
161, 179
161, 178
161, 177
162, 177
162, 178
162, 179
161, 179
161, 180
161, 181
161, 182
160, 182
160, 183
159, 184
158, 184
157, 184
156, 184
155, 184
155, 183
154, 183
153, 183
154, 183
155, 183
156, 183
157, 183
158, 183
159, 183
160, 183
161, 183
162, 183
162, 184
162, 185
161, 185
161, 186
161, 187
161, 188
160, 188
159, 188
158, 188
157, 188
156, 188
155, 188
154, 188
153, 188
152, 188
151, 188
150, 188
149, 188
148, 188
147, 188
146, 188
145, 188
144, 188
143, 188
142, 188
143, 188
144, 188
144, 189
145, 189
144, 188
145, 188
145, 189
145, 190
146, 190
146, 191
146, 192
146, 193
146, 194
146, 195
146, 196
146, 197
145, 197
145, 196
144, 196
143, 195
142, 195
141, 195
140, 195
139, 195
138, 195
137, 195
136, 195
136, 194
136, 193
135, 193
135, 192
135, 191
135, 190
135, 189
136, 189
136, 188
136, 187
137, 187
137, 188
136, 188
136, 189
136, 190
136, 191
136, 192
137, 193
137, 194
137, 195
138, 195
139, 195
140, 195
141, 195
142, 195
143, 195
144, 195
145, 195
145, 196
146, 196
146, 197
146, 198
146, 199
146, 200
146, 201
146, 202
146, 203
146, 204
146, 205
146, 206
146, 207
146, 208
146, 209
146, 210
145, 210
144, 210
143, 210
142, 210
141, 210
140, 210
140, 211
139, 211
139, 212
139, 213
139, 214
139, 215
139, 216
139, 217
139, 218
139, 219
139, 220
139, 221
139, 222
139, 223
139, 224
139, 225
139, 226
139, 227
139, 228
139, 229
139, 230
139, 231
139, 232
139, 233
138, 234
138, 235
137, 235
136, 235
135, 235
135, 236
134, 236
134, 237
134, 238
134, 239
133, 239
132, 240
131, 240
130, 240
129, 240
128, 240
127, 240
126, 240
125, 240
124, 240
123, 240
122, 240
121, 240
120, 240
119, 240
119, 241
118, 241
117, 241
117, 240
116, 240
115, 240
114, 239
114, 238
114, 237
114, 238
115, 238
115, 239
115, 240
116, 240
117, 240
118, 240
119, 240
120, 240
121, 240
122, 240
123, 240
124, 240
125, 240
126, 240
127, 240
128, 240
128, 241
129, 241
130, 241
131, 241
132, 241
133, 241
133, 240
134, 239
134, 238
134, 237
135, 236
135, 235
136, 235
137, 234
138, 234
139, 234
139, 233
139, 232
139, 231
139, 230
139, 229
139, 228
139, 227
139, 226
139, 225
139, 224
139, 223
139, 222
139, 221
139, 220
139, 219
139, 218
139, 217
139, 216
139, 215
139, 214
139, 213
139, 212
139, 211
140, 211
140, 210
141, 210
142, 210
143, 210
144, 210
145, 210
145, 211
146, 211
146, 212
147, 212
147, 211
148, 211
149, 210
150, 210
151, 210
152, 209
153, 208
153, 207
153, 206
153, 205
153, 204
153, 203
153, 202
152, 202
152, 203
152, 204
152, 205
152, 206
153, 206
153, 207
153, 208
152, 208
152, 209
151, 209
151, 210
150, 210
149, 210
148, 210
147, 210
147, 209
146, 209
146, 208
146, 207
146, 206
146, 205
146, 204
146, 203
146, 202
146, 201
146, 200
146, 199
146, 198
146, 197
146, 196
146, 195
146, 194
145, 194
144, 194
144, 195
143, 195
143, 196
144, 196
145, 196
146, 195
147, 195
148, 195
149, 195
149, 194
150, 194
151, 194
150, 194
150, 195
149, 195
148, 195
148, 194
147, 194
147, 193
146, 193
146, 192
147, 192
147, 191
146, 191
146, 190
145, 189
144, 189
144, 188
143, 188
142, 188
142, 189
142, 190
141, 190
141, 191
140, 191
140, 192
141, 192
142, 192
141, 192
141, 192
140, 192
141, 192
140, 192
141, 192
142, 192
143, 192
142, 192
142, 191
143, 191
144, 191
145, 192
146, 192
147, 192
147, 191
147, 190
147, 189
148, 189
148, 188
149, 188
149, 187
150, 187
151, 186
152, 186
152, 185
153, 185
153, 184
154, 184
154, 183
154, 182
155, 182
154, 182
154, 181
153, 181
152, 180
151, 180
150, 180
149, 180
149, 179
148, 179
148, 178
148, 177
147, 177
148, 177
148, 176
149, 176
149, 175
150, 175
150, 174
150, 173
150, 172
149, 172
149, 173
149, 174
149, 175
149, 176
148, 176
149, 176
149, 177
149, 178
149, 179
150, 180
150, 181
151, 181
151, 182
151, 183
150, 183
150, 182
149, 182
149, 181
150, 181
150, 180
151, 180
152, 180
152, 179
151, 179
151, 178
150, 178
151, 178
151, 177
151, 178
152, 178
153, 178
153, 179
153, 180
153, 181
154, 187
149, 189
